491
631
741
285
197
185
364
615
1412
161
262
959
245
253
696
412
212
561
149
494
237
249
296
529
149
143
598
165
375
216
568
194
165
927
123
146
854
161
286
164
746
131
134
341
234
245
357
782
512
1276
219
291
175
623
526
626
431
321
154
712
148
729
528
268
2169
891
261
387
664
718
191
773
174
174
781
548
1012
314
329
145
336
164
167
178
724
1091
1045
252
221
1189
714
161
183
146
645
157
168
616
1992
118
147
926
192
281
119
736
392
526
193
1567
667
119
562
161
658
134
197
681
346
161
352
157
515
269
292
751
157
159
2071
2317
112
479
498
192
1676
415
976
1126
119
117
182
197
452
383
224
274
449
2869
527
865
626
273
557
159
1494
1898
564
678
126
1947
125
193
252
1473
153
1286
665
454
2134
1083
232
746
281
223
572
214
337
257
227
223
741
314
325
215
743
1562
114
151
1431
941
571
135
142
2012
1725
137
573
651
332
1019
356
1256
151
1565
1353
151
1032
332
153
236
134
264
342
894
848
721
587
223
1312
238
297
381
212
284
672
318
175
2421
285
1514
158
914
285
2624
158
158
5041
189
146
149
2215
162
158
124
181
2813
294
2158
118
158
157
348
179
197
2084
281
176
214
2731
484
169
1942
525
141
192
1719
138
1592
248
258
259
398
912
213
445
257
185
238
452
196
585
179
2923
186
197
228
252
275
459
159
1034
1047
134
529
586
165
263
467
152
227
578
872
687
1425
373
147
272
328
385
891
372
274
1736
816
1652
152
131
2167
148
778
113
1172
726
885
274
456
828
1723
453
769
269
141
142
362
168
141
175
1092
156
182
114
1234
162
286
112
198
287
632
135
849
2229
735
382
278
369
129
162
485
559
136
156
241
224
446
115
563
3591
491
147
337
3717
223
337
158
218
252
169
1671
515
382
1079
679
321
453
212
579
579
553
837
694
873
236
167
167
549
371
228
186
618
179
139
432
816
139
584
231
182
491
215
185
1195
128
1054
119
354
523
151
994
167
139
431
124
114
147
513
132
183
395
129
414
174
258
176
431
158
134
2241
1119
214
1116
867
187
792
676
249
271
1463
231
367
613
896
746
768
191
298
434
184
143
637
725
846
172
157
673
171
884
842
373
656
1531
2161
426
565
126
145
143
186
457
1814
257
676
132
612
339
394
183
165
625
159
135
268
214
546
1549
591
262
663
186
659
365
247